##########################################################################################
###################################### m = 10 ############################################
##########################################################################################
coefficient of determination: 0.04922326408844657
intercept: 3.87160509199127
slope: [-0.02546734 -0.01036616  0.0365212   0.10218019 -0.02697369 -0.02614301
  0.05229484  0.15209637  0.03976675]
predicted response:
[3.72224568 3.87160509 3.87160509 3.87160509 3.87160509 3.68730832
 3.79135208 3.98130317 3.76973574 4.23264065 3.6550135  3.84546208
 3.87160509 4.62050141 3.75958553 3.99182189 3.99090535 3.87160509
 3.87160509 3.90998428 3.99090535 3.71394192 4.28032587 4.01033442
 3.79317607 3.87160509 3.87160509 3.87160509 3.8399788  3.87160509
 3.87160509 3.76703306 3.76841977 3.90333541 3.87160509 3.87160509
 4.17845652 4.15298918 3.71202248 4.0306721  4.04327723 3.87160509
 3.87160509 3.87160509 3.87160509 3.79520308 3.87160509 3.64760096
 3.87160509 3.91450334 3.87160509 4.44889207 3.82067042 3.87160509
 3.87160509 3.87160509 3.75555511 3.87160509 3.95614756 3.87160509
 4.11116236 3.87160509 3.7563264  4.0306721  4.20800052 3.88940712
 3.87160509 3.92880275 3.76371033 3.87160509 4.45927625 3.87160509
 3.7939343  3.76703306 3.87160509 3.87160509 3.87160509 4.37171298
 3.89247922 3.93626419 3.87160509 3.91798852 4.33721268 3.889036
 3.87160509 3.87160509 3.73673664 3.82210401 3.87160509 3.76973574
 3.87160509 3.87160509 3.87160509 3.87160509 3.76371033 4.30600531
 4.44398619 3.87160509 3.99052618 3.87160509 3.97170429 3.87160509
 3.87160509 3.75396156 3.90289397 3.87160509 4.10286641 3.87160509
 3.87160509 4.01078872 3.87160509 3.85887142 3.82423072 3.87107206
 3.80541225 3.95427009 3.76973574 3.87160509 3.8023056  3.87160509
 4.01078872 3.76371033 4.78604558 3.76371033 3.87160509 3.95427009
 3.79317607 4.54397092 3.79520308 3.78246941 4.32789419 3.87160509
 3.96062658 3.66033463 3.87160509 3.80823372 3.76973574 3.87160509
 3.90998428 4.60174652 3.88301059 3.87160509 3.87160509 3.87160509
 3.88364937 3.87160509 4.0749335  3.87160509 3.87160509 3.76973574
 3.83922562 3.92662026 3.89580365 3.87160509 4.22971218 3.99182189
 3.9511386  4.75543265 3.87160509 3.99090535 3.87160509 3.87021753
 4.03059534 3.87160509 3.78912328 3.889036   3.73863725 3.82045992
 4.10471973 3.80793675 3.87160509 3.92269519 4.73781276 3.87160509
 3.87160509 4.02487538 3.87160509 3.81508646 4.05055548 3.92277734
 3.78246941 3.87160509 3.81931908 3.87160509 3.91606908 3.92610007
 3.8405066  3.87160509 3.81977428 3.75416755 3.87160509 3.96838157
 3.87160509 3.87160509 3.92165304 3.87160509 3.81457085 3.87160509
 3.90289397 4.07043885 3.87160509 4.02597436 3.87160509 3.88384127
 3.97297656 3.9884675  3.87160509 3.76371033 3.96988792 3.78246941
 3.80624757 3.87160509 3.9590051  4.0306721  3.73673664]
Real response:
[4.  4.  4.5 2.5 4.5 3.5 4.  3.5 3.  5.  3.  3.  5.  5.  3.  4.  5.  3.
 3.  5.  5.  4.  4.  2.5 5.  4.5 0.5 4.  2.5 4.  3.  3.  4.  3.  5.  4.5
 4.  4.  3.  3.5 4.  4.  3.  2.  3.  4.  4.  3.  4.  3.5 5.  5.  2.  3.
 4.  4.5 4.  4.  5.  3.5 4.5 5.  5.  4.  4.  4.  4.  4.  4.  2.  3.5 5.
 4.  5.  3.5 3.  3.  4.  3.5 5.  3.5 3.5 5.  3.5 3.  5.  4.  5.  5.  4.
 4.5 4.5 4.  4.  2.  5.  5.  5.  4.  5.  4.  4.  3.  4.5 4.5 3.  4.5 4.
 4.  4.  3.  2.  5.  4.  3.  3.5 3.5 5.  4.  4.  3.5 4.  4.  4.  5.  5.
 4.  5.  5.  4.  5.  5.  3.  3.  4.5 5.  3.5 4.5 4.  5.  3.  5.  4.  3.5
 5.  2.  4.  4.  4.  2.5 4.  4.  4.5 4.  5.  5.  5.  5.  4.5 1.5 4.  4.
 4.  5.  4.  4.  4.  3.  4.  4.5 4.5 3.5 4.  4.  4.  4.  4.  4.  3.  4.
 4.  2.5 3.  5.  4.  3.  3.  4.  4.  5.  3.  4.  4.5 3.5 4.  4.  5.  4.
 3.  5.  5.  4.  4.  4.  3.  2.5 4.  4.  3.  4.  2.5 4.  2.5 3.  5. ]
##########################################################################################
###################################### m = 100 ############################################
##########################################################################################
coefficient of determination: 0.4100253477566751
intercept: 3.815349632085756
slope: [-8.76628745e-02  9.39038196e-02  7.26784311e-01  6.88658193e-02
 -1.40275102e-02 -2.15938582e-02  1.51812390e-01  1.92469634e-01
  6.27926877e-02  6.39231565e-02  4.22332737e-02  2.34535825e-02
  3.43177487e-03 -3.12374839e-01 -8.55677354e-02  1.20664678e-02
  3.53472998e-02  6.35532681e-02  2.47976388e-01 -7.30270152e-02
 -2.41820528e-02 -9.57321570e-02  6.30987904e-03 -4.00381900e-02
 -4.54190137e-02  3.14842960e-02  6.58245434e-02 -1.47233101e-01
  6.24640209e+12  4.50207890e-02  5.16256155e-02  3.76467903e-02
 -3.50746865e-02 -2.11303711e-01  6.83593750e-03 -3.91200781e-01
  2.56591797e-01  5.60333252e-01 -2.10327148e-01  1.09802246e-01
  6.98242188e-02 -1.36871338e-01 -1.05957031e-01 -6.27441406e-02
 -1.79626465e-01  8.28857422e-02 -3.52172852e-01  1.20031150e+12
  2.39257812e-01  4.48752034e+12 -5.65734863e-01  8.06884766e-02
  9.14306641e-02 -2.74780273e-01  2.99072266e-03 -2.05383301e-02
  3.23242188e-01 -3.52416992e-01 -5.85937500e-02  1.02539062e-01
 -1.34277344e-01 -6.79931641e-02 -6.61621094e-01  6.31958008e-01
 -2.31933594e-02 -3.11767578e-01 -2.43141174e-01 -4.68750000e-02
 -2.24351895e+13  5.01068115e-01  2.54516602e-01  4.25903320e-01
  3.89587402e-01 -2.41699219e-02 -1.41479492e-01 -1.01928711e-01
  2.41088867e-03  2.57446289e-01 -1.40380859e-02 -2.35107422e-01
 -5.91278076e-01 -1.06384277e-01 -1.95800781e-01  1.72119141e-02
  2.03939819e+00  6.39648438e-02  1.53930664e-01 -2.87658691e-01
  2.36816406e-02  2.08129883e-01  8.70605469e-01 -4.47540283e-02
  6.90917969e-02  1.22869793e+07  2.19604492e-01  1.46883980e+13
 -2.31933594e-02  3.71093750e-02  3.08456421e-01]
predicted response:
[3.8411537  4.19624971 4.4304009  3.55430227 4.19288259 2.90334516
 4.01164906 3.37468673 3.69120113 4.15482832 2.86883525 3.43074992
 4.74001864 5.06201416 3.51418058 4.75021998 4.67763738 4.11866398
 3.64855089 3.85351305 4.31549023 4.31647565 3.57911618 3.16159176
 3.86811927 3.81534963 3.52445608 4.73996845 3.16647388 3.81534963
 3.76806524 3.16094253 3.61633028 2.82634002 4.3020455  3.81534963
 4.70841739 4.16164374 3.15601366 4.39592712 3.46716193 4.10715871
 3.69938284 3.08660613 3.08732229 3.85025814 3.90812307 3.13311348
 4.15538494 3.3393934  4.37821584 5.02131126 3.64002388 3.81534963
 3.56781627 3.91231448 3.79661578 3.56437307 4.29418936 3.23313528
 4.45610773 4.60052124 4.22873793 3.68975429 3.53108566 3.29932712
 3.89064321 3.71586888 3.94991117 3.81534963 4.0034939  3.81168496
 4.04658191 4.04938712 3.81534963 3.04596301 3.59001401 4.93969042
 4.71828325 4.51570754 3.45394857 3.51751614 4.31311065 2.7789078
 3.70646291 5.19592338 3.82108105 4.35699637 3.86805363 3.29728798
 3.81534963 4.36010387 4.09516296 3.62075943 3.33655936 5.24293707
 5.06369274 4.04960057 3.40008018 4.56506584 3.72905937 3.82019707
 3.85603719 4.31658391 4.40710965 2.7244988  4.23852977 4.45719739
 3.81534963 4.39067646 3.81534963 3.38713064 5.58061981 3.56893192
 3.46034119 3.88576247 3.77441036 3.99337792 3.9505782  3.61990218
 3.66657088 3.33211557 4.35534955 3.20069249 3.81534963 4.25879404
 4.0276573  5.33112534 4.84195507 3.96574469 4.63369495 3.95563375
 3.42076873 3.73861266 3.67505089 5.11539668 3.76569323 4.22977834
 4.09922508 4.11318628 3.66871673 4.57596975 3.74576955 3.68986135
 4.38820576 3.74604483 3.93537073 3.90326585 3.81534963 3.02092708
 4.55573156 4.13168468 4.06424406 3.71097951 4.44236612 4.84725158
 4.73383609 4.62100732 3.81534963 2.34524653 3.54480131 3.88361273
 4.17112697 3.81534963 4.13496118 4.13801869 4.18438371 3.71730321
 4.02759535 4.58319196 3.86653071 3.84978254 4.13193749 3.73077425
 3.73071245 4.65581297 3.71223657 3.75092493 4.3871013  4.83757895
 4.24521872 3.69938284 3.62143074 3.81534963 3.81979863 3.57323201
 2.90272594 3.81534963 3.98762263 4.24035064 3.73212404 4.02286886
 4.05411916 4.06339727 3.85298785 3.67094729 3.18521661 3.81344845
 3.28404983 3.84070164 4.85493337 4.53367746 4.4640703  3.69842161
 2.97185489 2.97967007 3.80595022 4.09292438 3.27090809 3.63266759
 2.45963744 4.37023576 3.32320241 3.9969403  4.49750184]
Real response:
[4.  4.  4.5 2.5 4.5 3.5 4.  3.5 3.  5.  3.  3.  5.  5.  3.  4.  5.  3.
 3.  5.  5.  4.  4.  2.5 5.  4.5 0.5 4.  2.5 4.  3.  3.  4.  3.  5.  4.5
 4.  4.  3.  3.5 4.  4.  3.  2.  3.  4.  4.  3.  4.  3.5 5.  5.  2.  3.
 4.  4.5 4.  4.  5.  3.5 4.5 5.  5.  4.  4.  4.  4.  4.  4.  2.  3.5 5.
 4.  5.  3.5 3.  3.  4.  3.5 5.  3.5 3.5 5.  3.5 3.  5.  4.  5.  5.  4.
 4.5 4.5 4.  4.  2.  5.  5.  5.  4.  5.  4.  4.  3.  4.5 4.5 3.  4.5 4.
 4.  4.  3.  2.  5.  4.  3.  3.5 3.5 5.  4.  4.  3.5 4.  4.  4.  5.  5.
 4.  5.  5.  4.  5.  5.  3.  3.  4.5 5.  3.5 4.5 4.  5.  3.  5.  4.  3.5
 5.  2.  4.  4.  4.  2.5 4.  4.  4.5 4.  5.  5.  5.  5.  4.5 1.5 4.  4.
 4.  5.  4.  4.  4.  3.  4.  4.5 4.5 3.5 4.  4.  4.  4.  4.  4.  3.  4.
 4.  2.5 3.  5.  4.  3.  3.  4.  4.  5.  3.  4.  4.5 3.5 4.  4.  5.  4.
 3.  5.  5.  4.  4.  4.  3.  2.5 4.  4.  3.  4.  2.5 4.  2.5 3.  5. ]
##########################################################################################
###################################### m = 300 ############################################
##########################################################################################
coefficient of determination: 0.9838312447764337
intercept: 4.428139920088501
slope: [-1.49687217e+00  3.19215302e+00  4.80357518e+00 -1.91974368e-01
  4.05347018e-01 -8.43911890e-01 -9.17240354e+00 -1.46833426e+00
  8.36792034e-01  8.05559699e-02  1.01654279e+00 -4.09854345e+00
  4.72100579e-01 -1.13546216e+01 -5.01297750e-01 -1.16939401e+00
  1.36092605e+00  1.07797819e+00  2.76657867e-03 -1.39037010e+00
  1.32401452e+00 -1.73110610e+00  1.93437515e+00 -1.00192548e+00
  6.90776188e-04  2.82734137e+00  4.84670281e+00 -8.90675818e-01
  1.58421484e+00  6.59249789e-01  1.05641986e-01  2.59865387e+00
  7.22639344e-02 -5.93176484e+00 -1.54424502e+00 -2.60119114e+00
  5.31958979e-01  6.52187385e+00 -9.25466522e+00 -3.88926822e-01
 -1.67862451e+00 -7.16009893e+00 -9.35017715e-01  1.65778268e+00
  4.04587938e+00  7.10651890e-01  2.43041889e+00  1.98026855e+00
 -3.96822935e+00  7.54520058e-12  3.58049320e+00 -6.50716339e-01
 -3.20381539e+00 -6.32985433e-01  1.01999756e+00  8.03311649e+00
  6.78188440e+00 -2.01138220e+00 -6.81515979e+00 -1.30622130e-01
 -1.01735375e+00 -4.53962899e+00 -1.78911326e+01  2.68508021e+00
 -2.52712595e-01 -8.00083859e-01 -9.93863358e+00 -6.93411020e-01
  1.58421484e+00  3.07994250e+00 -1.01857296e+01  4.06507024e+00
  4.43292042e+00  2.26911035e+00  8.05926336e+00 -3.20567069e+00
 -6.24355592e-01 -2.38845204e+00  1.07444636e+00 -4.28961376e+00
 -1.48344370e+00  3.58658263e+00  4.37059953e-01  8.69404268e-01
 -2.76761029e+00  1.05707390e+00  4.80938375e-01  1.44552152e+01
 -2.31533322e+00  2.40789699e+00 -4.50205115e+00 -9.44605640e-01
 -9.17720936e-01 -1.02917674e-12  3.35249946e+00  1.58421484e+00
 -2.51858275e-01 -4.48921997e-01  1.38196965e+00 -1.18250665e+01
 -1.53127305e+00  3.13821144e-01 -6.96807764e+00  3.00894215e+00
 -3.50194880e+00  1.79577197e+01  1.18816113e+00 -1.40878359e+00
 -6.12286519e+00 -1.74782411e-12 -4.77214158e+00 -3.21064275e-01
 -5.56668645e-01  1.36623989e+00  2.13800566e+00  6.27032856e-02
  3.11348203e-01  4.03253383e-01 -8.48481736e+00  4.12050340e-01
 -1.49933018e+00  7.92107420e-01 -2.15720655e-01 -4.76046640e-01
 -3.22574797e+00 -2.92104129e+00 -1.23548702e+00 -1.11640482e+00
  4.85717766e+00  1.14687353e+00 -1.99060752e+00  5.98186683e+00
 -5.70725435e-01  1.05726928e-01 -3.89661013e+00  7.63020489e-01
 -8.71042840e+00 -7.02023671e-02  6.67612779e+00  3.57370843e+00
  1.28393153e+00  8.68210626e-01  2.27480109e+00 -2.14833578e+00
  7.32867414e+00 -5.17996850e-01 -1.03724212e+00 -5.14980356e+00
 -4.61345545e+00 -2.99866035e-01 -4.06293446e+00 -9.81274262e-01
 -4.79286409e-01  3.13821144e-01  1.89803598e+00  9.23811698e-01
 -1.83078331e+00 -4.53456339e+00  2.41527038e+00 -5.79536419e-13
  6.06095462e+00 -3.37513999e+00  6.01492707e-02 -1.05628595e+01
  1.28771014e+01 -1.55687215e+00  1.03120290e-01 -5.38139979e-01
 -6.25810515e-12  3.04880268e+00 -5.36371158e+00 -5.10074088e+00
  1.22482915e+01 -6.78116549e-01 -1.59812774e+00 -1.00748929e+00
 -2.75611949e+00 -6.46879678e+00 -3.16635607e-13  3.65613281e+00
  1.25865724e+01  1.58421484e+00  9.29383316e-01  1.01917118e+00
  9.86015645e+00  7.73684485e+00  1.65556457e-12  3.13821144e-01
 -3.72485887e+00 -1.40636191e+00  4.47818470e-01  5.26347294e-01
  1.17429571e+01 -5.84608996e+00  3.57093596e+00 -4.22401438e+00
 -2.56116767e+00 -3.67697100e+00  5.45773892e-01 -7.63649199e+00
  1.41103137e+00 -4.59551219e+00 -7.57905588e+00  8.18786000e-01
 -9.43045616e-01  3.22184966e+00 -4.04250302e+00 -4.51059755e-01
  0.00000000e+00  1.71987116e-01  2.40921047e+00  1.86914346e+00
 -4.50103089e+00 -3.04536474e+00 -2.05969166e+00 -1.70448553e+00
 -1.49872555e+00  0.00000000e+00 -5.32537807e+00  3.58521074e-01
  1.48618575e+01  5.47500044e+00  4.85629237e+00  1.55256014e-02
 -9.16561536e-01 -6.55187609e-01  4.06507024e+00  2.83904308e-02
  3.40701136e+00 -1.65542893e-01  2.88563025e-01  3.22184966e+00
 -2.17559803e+00  6.25799512e-01 -3.12742901e-01 -3.44374097e-01
 -1.24114699e+00 -6.77648003e+00 -1.23990475e+00  7.92107420e-01
  0.00000000e+00 -2.96533229e+00 -9.48143705e-01 -2.23725831e+00
  6.92185834e+00  0.00000000e+00  4.18428192e-01  0.00000000e+00
  8.50144256e-02  1.80243433e+00  1.73200610e+00 -5.99969658e+00
  2.66355393e+00  1.51009011e+00  0.00000000e+00 -2.90514318e+00
  1.07539792e-01  3.24852899e+00 -6.14532245e+00  2.20426362e+00
  1.58421484e+00  1.12128044e+01 -3.00987734e-01 -4.10766160e-03
  3.82200473e+00  1.78529012e+00 -7.90570611e-01 -4.88191204e-01
  0.00000000e+00  3.13821144e-01 -5.40677344e+00 -4.69164863e+00
 -4.68761379e-01 -9.29975429e+00  7.88723014e-01  2.32616856e-01
 -4.82657017e-02  2.27990231e+00  1.18816113e+00  4.06507024e+00
  8.80645007e+00  0.00000000e+00  3.10742851e+00 -7.56401460e+00
  4.44218030e-01  9.15666881e+00  9.10859158e-02  3.32136353e+00
  1.18816113e+00  4.73879235e+00  1.77119292e+00  1.98026855e+00
 -1.17481836e+01  0.00000000e+00  4.87878685e+00  4.71653413e+00
  6.59575416e-01 -7.01377553e+00 -9.54428316e+00]
predicted response:
[4.         4.         4.5        2.5        4.5        3.5
 4.         3.5        3.         5.         3.         3.
 5.         5.         3.         4.         5.         3.
 3.         5.         5.         4.         4.         2.5
 5.         4.02774981 0.5        4.         2.5        4.
 3.         3.         4.         3.         5.         4.42813992
 4.         4.         3.         3.5        4.         4.
 3.         2.         3.         4.         4.         3.
 4.         3.5        5.         5.         2.         3.
 4.         4.5        4.         4.         5.         3.5
 4.5        5.         5.         4.         4.         4.
 4.         4.         4.         2.         3.5        5.
 4.         5.         4.42813992 3.         3.         4.
 3.5        5.         3.5        3.5        5.         3.5
 3.         5.         4.         5.         5.         4.
 4.42813992 4.5        4.         4.         2.         5.
 5.         5.         4.         5.         4.         4.
 3.         4.5        4.5        3.         4.5        4.
 4.42813992 4.         3.         2.         5.         4.
 3.         3.5        3.5        5.         4.         4.
 3.5        4.         4.         4.         4.42813992 5.
 4.         5.         5.         4.         5.         5.
 3.         3.         4.5        5.         3.5        4.5
 4.         5.         3.         5.         4.28789206 3.5
 5.         2.         4.         4.         4.26443942 2.5
 4.         4.         4.5        3.54571075 5.         5.
 5.         5.         4.5        1.5        4.         4.
 4.         4.85829909 4.         4.         4.         3.
 4.         4.5        4.5        3.5        4.         4.
 4.         4.         4.         4.         3.         4.
 4.         2.73612509 3.         4.42813992 4.         3.
 3.         4.21094426 4.         5.         3.         4.
 4.5        3.5        4.         4.         5.         4.
 3.         5.         5.         4.         4.         4.
 3.         2.5        4.         4.         3.         4.
 2.5        4.         2.5        3.         5.        ]
Real response:
[4.  4.  4.5 2.5 4.5 3.5 4.  3.5 3.  5.  3.  3.  5.  5.  3.  4.  5.  3.
 3.  5.  5.  4.  4.  2.5 5.  4.5 0.5 4.  2.5 4.  3.  3.  4.  3.  5.  4.5
 4.  4.  3.  3.5 4.  4.  3.  2.  3.  4.  4.  3.  4.  3.5 5.  5.  2.  3.
 4.  4.5 4.  4.  5.  3.5 4.5 5.  5.  4.  4.  4.  4.  4.  4.  2.  3.5 5.
 4.  5.  3.5 3.  3.  4.  3.5 5.  3.5 3.5 5.  3.5 3.  5.  4.  5.  5.  4.
 4.5 4.5 4.  4.  2.  5.  5.  5.  4.  5.  4.  4.  3.  4.5 4.5 3.  4.5 4.
 4.  4.  3.  2.  5.  4.  3.  3.5 3.5 5.  4.  4.  3.5 4.  4.  4.  5.  5.
 4.  5.  5.  4.  5.  5.  3.  3.  4.5 5.  3.5 4.5 4.  5.  3.  5.  4.  3.5
 5.  2.  4.  4.  4.  2.5 4.  4.  4.5 4.  5.  5.  5.  5.  4.5 1.5 4.  4.
 4.  5.  4.  4.  4.  3.  4.  4.5 4.5 3.5 4.  4.  4.  4.  4.  4.  3.  4.
 4.  2.5 3.  5.  4.  3.  3.  4.  4.  5.  3.  4.  4.5 3.5 4.  4.  5.  4.
 3.  5.  5.  4.  4.  4.  3.  2.5 4.  4.  3.  4.  2.5 4.  2.5 3.  5. ]
##########################################################################################
#################################### m = 1000 ############################################
##########################################################################################
coefficient of determination: 1.0
intercept: 3.999999999999999
slope: [-6.37611611e-02 -2.77682802e-03  8.52370799e-03  4.84832626e-02
 -5.88681672e-02 -5.84630990e-03  6.05488652e-03  6.37526524e-02
  4.30182831e-02 -1.59254375e-02  4.82941379e-03  5.04526105e-02
 -3.50439837e-02 -3.16381155e-02  2.51085652e-02 -1.71115211e-02
  3.41465852e-02  6.95474733e-02 -3.35428103e-02 -1.57456542e-03
 -1.84692650e-02  1.70221408e-02 -1.51360840e-02 -5.85185116e-03
 -5.29832131e-02  1.82925038e-02  3.31869307e-02  2.91895353e-02
 -3.23219990e-05  7.56492226e-03  7.95719682e-02  1.40240742e-02
  4.37436362e-02  1.87298866e-02 -2.52480999e-02 -2.87154982e-02
 -3.98092205e-02  1.01329170e-02 -1.92074963e-02 -2.09579469e-02
  3.92612269e-02  6.03046746e-02 -4.26276616e-02 -6.74420752e-02
  5.75530896e-03  1.25417483e-01 -6.01785762e-02 -9.84028769e-04
 -2.12717281e-03 -1.80225025e-05  4.69311645e-03  3.09524983e-02
  1.14767015e-02  1.51202361e-03 -2.53962773e-02 -1.33380851e-02
 -1.22255235e-02  2.03899742e-02 -6.28946263e-02 -2.21905009e-02
 -7.94329308e-02  2.63464417e-03  4.43653850e-04  5.13975484e-03
  8.38653940e-03  4.27233323e-02  7.90002562e-03  7.15754730e-02
 -7.86768815e-04 -1.40704233e-02  5.05180139e-02 -1.75774458e-03
  5.61640369e-02  2.26333257e-02 -6.71126402e-02  1.65943393e-02
 -9.82217373e-03  3.85331163e-03 -1.66290083e-02 -5.19792226e-05
 -1.01106927e-02  5.38479996e-03  2.34513103e-02  1.70264804e-02
  2.30735544e-03 -7.34067639e-03 -1.90127685e-02 -2.00277816e-02
 -1.10585509e-02  1.12815808e-02  4.03974823e-03 -2.41402049e-02
 -6.21574050e-04  4.59596195e-06  8.28936976e-02 -7.60176635e-04
 -1.06420771e-01  7.37106739e-02  1.07217835e-01  2.68545686e-02
 -4.61317242e-02 -7.27264673e-03 -2.61664384e-03  2.07105964e-03
  2.22326535e-02  2.10986377e-02 -5.54942884e-04 -1.14495591e-02
  2.37492032e-02 -2.00406306e-05 -8.34986524e-03 -2.37174795e-02
 -1.10565696e-01 -1.07909416e-02  7.03787968e-02 -1.09400337e-02
  1.28565550e-03 -1.21982518e-02 -7.07318575e-03 -7.88507809e-04
 -1.81000794e-02 -3.66549197e-04  7.58451354e-02 -1.00963239e-01
  1.03566167e-03 -1.08419511e-01  7.74974369e-03 -1.68727559e-02
 -2.19248178e-03  8.23782344e-04 -5.28141476e-02  3.61317919e-02
  9.24048603e-02 -7.75964474e-02 -1.53637673e-02 -6.82822865e-03
 -3.51738810e-02  8.55805791e-02  4.97918871e-03 -1.39098473e-03
 -1.35032272e-03 -6.16898979e-02  3.12773253e-02  1.42130044e-02
  1.66059937e-02  2.99679822e-02  5.73347452e-02  8.70676529e-04
 -1.44613483e-02 -3.62360199e-03  2.48371744e-03 -3.88571870e-02
  9.98560682e-03 -7.21125208e-03 -7.96485386e-03  2.48527671e-02
  2.50956568e-03 -6.00340312e-03 -5.43341815e-02 -5.13501221e-06
 -8.26201233e-05  2.56139390e-02 -6.67333663e-02 -2.49698929e-02
  7.71456427e-03 -1.81028135e-02  1.12454690e-02  1.41653719e-02
 -2.00859595e-05 -1.36925895e-03 -1.34740005e-02  5.41801151e-02
 -1.43630826e-03  3.95923724e-03 -6.28874274e-02  1.26583481e-02
  1.22249507e-03 -2.35750791e-02  1.26791856e-05  5.18366053e-03
 -1.25114153e-02 -8.03388213e-04  1.10524647e-02 -3.91890008e-02
  1.73029296e-02  3.44722552e-02 -1.08619783e-06 -7.24855059e-03
  1.91682905e-02 -8.02591780e-03  8.53279600e-03 -8.48211458e-02
  3.67874217e-02  1.84638576e-02 -1.81428935e-02 -1.96797054e-02
  8.25329379e-02 -1.30199026e-02 -3.31850677e-03  2.76110000e-02
  8.46428017e-03  4.39514330e-02  3.02489536e-02 -8.36025309e-04
 -6.78495747e-02 -2.30311590e-03 -2.27490276e-02  2.12812560e-02
  4.93337978e-05  4.17019843e-02 -4.60234933e-02  6.89490241e-03
 -4.86016210e-02  1.24099588e-02 -2.08131307e-03 -1.24884348e-02
  1.74279045e-02  0.00000000e+00  3.01584878e-02 -6.47770868e-02
  1.44937832e-02 -1.47780746e-02 -2.12003712e-03 -6.88811364e-02
 -7.49022147e-03  4.93323358e-02 -1.78391848e-03 -5.32916566e-02
 -1.32509834e-02  4.68586713e-02 -1.14425414e-02 -2.29550089e-03
  1.70335164e-02 -2.32444175e-02 -5.37025337e-02 -2.82102402e-03
  1.08537920e-02  1.41563838e-02  2.36172025e-02 -3.88383360e-04
  0.00000000e+00 -1.71097195e-03  2.80847789e-02 -3.55391161e-02
 -1.36903497e-02  0.00000000e+00 -9.65832077e-03  0.00000000e+00
  6.04764612e-03  1.35904818e-02 -5.41804433e-02 -9.38952653e-04
  1.46009494e-02  3.03284119e-02  0.00000000e+00 -5.13191899e-03
  6.90119215e-02  3.14076334e-04 -2.53607093e-02  6.50878606e-03
 -7.76766720e-04 -3.06414594e-06 -1.79643691e-02  5.35513252e-02
 -3.63429687e-02  1.33630542e-02 -6.72671313e-02 -3.72734699e-02
  0.00000000e+00 -7.25171704e-03  1.22914457e-02  2.59813073e-02
  2.31085630e-02  7.54689014e-03  2.20804018e-02 -1.60698793e-02
 -4.56145367e-02  5.16146833e-03 -5.74333410e-04 -1.78391848e-03
 -3.57269091e-02  0.00000000e+00 -2.65117071e-05 -1.76619954e-02
  1.42455226e-02  4.02054079e-02 -6.27823951e-02  1.96725738e-02
 -5.74333410e-04 -9.19220544e-05 -4.30156740e-02 -9.62401438e-04
 -3.04163934e-03  0.00000000e+00  1.60872838e-02  4.75927386e-02
 -1.20009364e-02  9.81411450e-03 -1.67125513e-02  5.59927426e-03
  4.26805706e-03 -5.63589600e-02  2.20091300e-02 -7.39588507e-04
 -1.23607116e-02  3.17129817e-03  2.63250742e-03  6.95618444e-03
  2.86236146e-02  2.48092918e-03  3.24741003e-02  3.69164083e-03
 -3.56560094e-04  5.13163538e-02 -3.76663794e-03  1.52856799e-02
  0.00000000e+00 -9.39822406e-03 -6.91979608e-02 -2.56033238e-02
 -7.76766720e-04 -3.82663637e-02 -4.88607620e-03 -2.15036656e-02
  6.02317748e-02 -3.03036890e-02 -7.76766720e-04  1.10410138e-02
 -6.87954231e-03  3.14707695e-02 -2.70357934e-02  1.93716413e-02
  4.56928104e-02  1.75318537e-02  1.18809028e-02 -1.57076725e-02
  6.80396223e-02 -1.32333975e-02  1.54638527e-02  3.10034518e-02
 -9.00295684e-03  1.04154117e-03  3.73510713e-03 -3.63282546e-03
 -7.76766720e-04  0.00000000e+00  1.04190853e-02  0.00000000e+00
  3.50579967e-02 -3.06784279e-02  0.00000000e+00 -1.45579734e-02
  2.48092918e-03  7.18925122e-03 -5.34041644e-02  3.77985205e-02
  3.52529031e-02 -1.11761757e-02 -1.09728078e-02 -5.80056387e-04
  2.68052531e-02 -6.68840004e-03 -4.66566576e-02 -5.19442268e-02
  4.98850247e-02 -3.04659363e-02 -3.86224222e-02 -2.29550089e-03
  1.20373965e-02  9.43950012e-03  2.16084671e-02  2.28650023e-02
 -5.08561547e-03 -7.41628125e-03  5.68802826e-04  8.48769008e-03
 -1.04907919e-02 -1.65079936e-02  1.00721589e-01 -1.26492917e-02
 -6.75028630e-03 -5.16663731e-03  2.34934978e-02  2.09117964e-02
 -9.17055677e-03 -1.78092603e-03 -6.37438019e-03 -4.85697154e-02
 -2.61450497e-02 -6.60177820e-03 -8.69106159e-03 -1.86849629e-02
 -4.92579778e-04 -3.42580759e-03 -7.45461439e-03  1.41601139e-03
  9.56397791e-03 -3.15404348e-02 -2.36061377e-02  2.41964417e-03
 -9.74881944e-03  3.54904096e-03 -1.19315607e-02  2.91801446e-02
  6.64079596e-03  7.82609713e-03 -2.37476223e-02  0.00000000e+00
 -1.65332170e-02 -8.29703871e-03  3.90417792e-03  6.30720881e-02
  6.40605091e-03 -7.77074899e-03  1.89767789e-02 -3.83385189e-03
 -1.55473093e-03  8.06502614e-02  4.80893560e-02  1.29688218e-03
  3.21821879e-03  2.71119869e-02  3.94327725e-02 -1.92310971e-03
  1.97877366e-03  3.08672809e-02  1.07756537e-02  5.01389338e-02
  1.68233568e-02  6.74152877e-03  7.76919306e-02 -9.62401438e-04
 -1.80997863e-02 -2.10965746e-02 -3.15098335e-03 -1.68856759e-02
  6.05665849e-03  2.52638945e-02 -3.04630800e-04 -1.03219651e-03
 -2.74425593e-03  2.31546836e-02 -2.02390030e-03  4.50518645e-02
  0.00000000e+00  2.48092918e-03 -5.39302493e-03  3.60136394e-02
  1.45659683e-02 -1.57460899e-02  3.41555072e-02 -2.58517811e-02
  1.42549346e-02  1.62729073e-02 -3.66847283e-03  3.73510713e-03
  2.93605279e-03 -1.22439994e-02  5.08399108e-02 -7.76766720e-04
  1.26667389e-01  1.86891949e-03 -2.13786109e-02  3.91380135e-03
  1.29243354e-02  3.15226139e-02  1.14656187e-02 -4.99011817e-02
 -2.59718782e-02  3.90958742e-02 -4.60448246e-02  1.25513472e-02
 -1.96458988e-02 -3.98192394e-03  2.43369020e-02 -1.71211578e-03
 -6.25691050e-03  8.21242925e-03 -3.83385189e-03 -6.32704019e-03
 -7.76766720e-04  3.15033910e-03 -4.71352388e-02  2.45041345e-02
  6.48306357e-03  9.30615096e-04  2.04253706e-03 -1.56803715e-02
  2.44598398e-02 -1.78391848e-03  1.14140901e-03  1.71328307e-02
 -9.49869788e-03 -4.38125580e-02 -1.56607432e-03  1.71593766e-02
 -3.89701171e-02 -1.80012873e-03 -1.33835453e-03  1.03629603e-02
 -5.00380010e-02 -1.78391848e-03  2.92742131e-02 -5.25469886e-02
  5.12846358e-02 -2.03445543e-02 -1.15576712e-01 -2.87216146e-02
 -7.93317967e-03 -4.46012625e-02  3.79634679e-02  2.49265917e-02
 -4.50861737e-02 -1.44349849e-03 -3.40750173e-02  5.34424429e-03
 -7.76766720e-04  9.59509573e-03 -2.09680413e-02 -2.22726454e-02
  3.43752414e-02 -1.14297503e-02 -1.81632926e-02  2.98583057e-02
 -4.42014297e-02  7.37509806e-03 -8.88709456e-02  9.23078410e-03
 -1.44557717e-02 -1.49410142e-02 -2.87732219e-02 -3.29371662e-02
 -1.34257744e-02  1.52598335e-02 -1.78391848e-03 -5.22328770e-03
  2.23706485e-03  3.73510713e-03 -7.25171704e-03 -4.53108899e-02
  1.97877366e-03 -3.86803855e-02 -1.40457053e-02 -2.36197854e-03
 -4.66398960e-02 -8.49581788e-03 -5.74333410e-04 -3.60070070e-02
 -5.88124914e-02  1.38310294e-02 -4.82780250e-02 -1.89130634e-03
 -2.52264240e-02 -1.53249718e-02 -5.66075862e-03 -1.57798651e-02
  2.98644974e-03 -3.64715633e-02  3.75937342e-02  1.24956007e-02
  2.93655387e-02  7.65250099e-03  3.89198495e-03  2.52305493e-02
  2.64037712e-02 -2.67635414e-02  2.43996888e-03 -5.99426593e-02
 -2.78231115e-02  1.39988888e-03  0.00000000e+00  9.87837111e-03
 -1.00332184e-02  9.64033238e-03 -5.06354230e-03  5.40075528e-03
  2.25822129e-02 -4.98539881e-03  2.87992289e-02 -6.79971846e-02
  2.84139814e-02  8.68590086e-03  2.41251222e-02 -3.45594485e-02
 -6.22755063e-02  0.00000000e+00  7.80170673e-02  3.12513174e-02
  0.00000000e+00 -1.78999934e-02 -1.89745073e-02  5.26640795e-02
  3.67882559e-02  4.76352225e-02 -1.22710240e-02  2.72635535e-02
 -4.34640363e-02 -8.63037818e-02  3.70241271e-02  9.69575161e-03
 -1.10195245e-02 -8.48704368e-02  0.00000000e+00 -7.76766720e-04
 -1.86824321e-02 -6.77527334e-02  6.99685120e-03  5.11322237e-03
  6.00567113e-03 -3.21771907e-03  0.00000000e+00  0.00000000e+00
 -2.34664066e-01  0.00000000e+00 -4.47528294e-02  1.90260512e-02
 -2.10443560e-03  1.27562588e-02  4.65957013e-02 -3.66300728e-02
  1.89215318e-02  3.60261856e-02 -2.09817591e-03 -4.61867739e-03
 -1.78391848e-03 -7.38600755e-02 -1.72574527e-02  9.24652465e-02
  2.75796280e-02  4.16460796e-02 -7.76766720e-04 -1.57155420e-03
 -8.16511238e-03 -2.29550089e-03 -1.99015268e-02 -1.65929916e-02
  3.26455314e-02 -4.47238849e-03  3.58158454e-03  0.00000000e+00
  0.00000000e+00  3.01608449e-02  8.06690361e-03  6.32549838e-03
 -3.76513245e-04 -1.77778223e-02  2.94501047e-03 -2.69611828e-02
  4.36025502e-03  1.89185421e-02  1.75548947e-02  2.15545114e-02
 -3.70039424e-03 -1.71351651e-02 -1.78757971e-02 -1.11346863e-01
  3.89654602e-03 -6.32219096e-02 -6.89832421e-02  7.04821378e-02
 -1.02333657e-02  1.79731281e-03  1.25887465e-02  1.12193862e-03
 -2.58539041e-02  0.00000000e+00  1.80068400e-02  5.19441315e-02
  4.61285063e-03 -1.52081967e-03  4.20339633e-03  4.42452368e-03
  3.60181315e-03 -2.42305183e-02 -4.00269395e-02 -5.11019749e-02
  1.63034166e-03 -6.00295268e-03  1.70452407e-02 -2.47317293e-02
  7.35564920e-03  5.47144160e-03  5.98500288e-03  4.04867724e-02
  4.15437454e-02 -1.89267981e-02  8.34284366e-03  5.78394822e-04
  1.97877366e-03 -5.25358947e-02 -3.48104265e-02 -6.99954764e-02
 -9.73900873e-03  6.44581467e-02  3.17781256e-02 -2.54931236e-02
  4.68615291e-02  1.84302201e-02  3.52568283e-03  2.85891216e-02
  8.47320486e-02 -8.95900942e-04 -2.30846549e-02  4.67084972e-02
  1.31030349e-02  1.38959824e-02  3.38871508e-02  5.60145871e-03
  4.63550861e-02  2.32602719e-03 -4.01297246e-02 -2.43558980e-02
 -2.95720105e-02 -1.43114334e-02  2.67368629e-02  1.66319665e-03
 -2.61507018e-02 -1.78391848e-03 -2.79238545e-02  1.97895665e-02
  1.21838163e-02  9.14079226e-03  1.05865393e-02 -4.35909004e-03
  1.27375586e-02  1.01258580e-02  1.48161331e-02  3.33234906e-03
 -2.12133803e-02 -3.17736548e-02 -1.47110235e-02  2.63332688e-03
 -7.57987667e-02 -5.18965954e-02  1.78116320e-02  2.66061011e-03
  2.32602719e-03 -1.78391848e-03  5.06340376e-03  4.46916135e-02
  4.25243703e-02 -6.29739634e-03  2.32602719e-03 -1.44532131e-02
  5.51028804e-03  1.97877366e-03  0.00000000e+00  0.00000000e+00
  1.97877366e-03 -9.19244741e-03 -3.50439442e-02  0.00000000e+00
 -2.28697327e-02  1.06289776e-02  1.84600372e-02  1.97877366e-03
  1.16238398e-02 -4.70226496e-04  1.97908258e-02  3.75134755e-02
  3.23497060e-03  2.07922299e-02 -6.06221593e-03  4.57601430e-03
  1.79848125e-02  5.06340376e-03  2.52496422e-02 -2.35209151e-02
  3.25520459e-02  1.24287998e-04 -1.79921455e-02  6.71428579e-03
 -4.21179919e-02  3.79438339e-03 -5.35893396e-02 -1.36322623e-03
 -6.42702837e-03  8.79451947e-03 -5.91218106e-02  8.11022988e-02
  3.21581052e-03  7.45473754e-03  5.20861217e-02  2.73559878e-02
 -5.70032377e-02 -3.61989517e-02  3.78426703e-02  2.68178613e-02
  8.20446558e-02 -1.66114623e-03 -5.82640687e-03  9.95480878e-03
  4.84867009e-02  2.35057452e-02  3.73510713e-03 -3.37648944e-02
  4.45497177e-03  1.03869002e-02 -4.21071317e-02  4.20446661e-02
 -2.61855428e-02 -1.86535587e-02  6.53062550e-03 -5.74333410e-04
  5.39915119e-03 -1.52081967e-03 -6.48989306e-03  5.44885054e-02
 -1.79615369e-02  1.56952561e-02  1.14140154e-02  3.20679439e-02
 -3.63064969e-02  2.32602719e-03  3.68605674e-02  0.00000000e+00
 -2.06435205e-02  6.02966396e-03 -7.42288457e-02  3.06664655e-02
  7.07608673e-02 -6.51568913e-03 -1.53050597e-02  3.32470309e-02
 -4.03506528e-03 -3.84888249e-02 -3.62108457e-03 -9.55698973e-03
  6.47567025e-02 -1.82988374e-02 -5.16599729e-02 -7.08475314e-04
 -7.27678878e-02  2.08271298e-02  1.89332176e-02  4.83263077e-02
  3.27356167e-02  4.26723171e-02  1.47809459e-02 -3.26514476e-02
  1.83036481e-02 -2.02083048e-02  2.23797466e-02 -3.67555273e-02
  8.87984177e-03 -4.59100177e-03 -4.61867739e-03 -1.56607432e-03
 -5.74333410e-04 -8.04025482e-02  4.96185836e-03  5.34124821e-03
  2.30944648e-02  3.30921693e-02  8.24913797e-03 -9.89957592e-02
  5.05649049e-02 -2.30544060e-02  3.61900242e-02 -1.56342494e-02
 -1.47303951e-02 -1.21284878e-02 -1.31638511e-03 -4.61867739e-03
  0.00000000e+00 -4.61867739e-03 -3.14189015e-02  6.28369550e-03
 -2.14881693e-02  3.59268850e-03 -1.56607432e-03 -3.39884555e-02
  7.28474708e-03  6.86696672e-03 -2.83552757e-03 -2.09817591e-03
  4.98427064e-03 -9.78728484e-03  1.03184192e-02 -1.79838944e-02
  3.00330411e-03  1.09844301e-02 -5.80138527e-02  2.26168349e-02
 -1.40238522e-02  1.89022965e-02  2.43131947e-02 -1.28349475e-02
  2.94690156e-02 -1.07821447e-02 -1.94125529e-02 -4.07020107e-04
 -1.64417665e-02  2.94501047e-03 -3.06899570e-02  1.63793467e-01
  4.71370080e-03 -5.02635830e-02 -3.17867660e-02 -1.68158363e-02
  4.73027773e-02  2.07183393e-02 -3.28478037e-02  2.65702313e-02
 -4.10083733e-02 -2.14660291e-02 -7.76958529e-02 -8.52529977e-02
 -9.86313111e-02  8.27171335e-02  6.12131538e-02 -5.09474522e-02
  1.59141471e-02 -4.92322352e-02  2.05458213e-02  1.01744061e-01
  3.86692027e-02  1.86314691e-02  3.12082343e-02  1.16595331e-01
 -2.85416173e-02 -2.46166654e-02  3.59924743e-04  3.08907860e-02
 -4.42041791e-04 -4.26375881e-02  2.20968774e-02  4.99886073e-03
  1.92921059e-02 -8.53960091e-02  1.29847863e-02 -3.19793234e-02
 -5.03681107e-02  4.03619657e-02  3.72226106e-03 -7.42042983e-03
 -4.76200260e-02 -3.68039344e-02 -5.19536581e-02 -3.06107187e-02
  1.31015526e-02  8.83494870e-03 -4.66027155e-03 -1.78937544e-02
 -8.28036563e-02  3.22530870e-02 -4.63146099e-02  7.81141424e-02
 -6.09927292e-02 -2.27311424e-02  4.44795228e-02  4.80470760e-03
 -3.17208427e-02  1.02853117e-02  3.32816147e-02  9.22064968e-02
  1.54758409e-02  1.64418332e-02 -3.02213861e-02 -8.29546983e-02
  2.90000571e-02 -8.33599127e-03  6.49063710e-03  3.33797157e-02
  1.94857469e-02  4.18576959e-02  1.45592718e-03 -2.31018445e-02
 -7.69397944e-02 -1.87736406e-01  2.23839349e-02  9.16870710e-03
 -4.27907170e-02  2.06223147e-03  1.83330313e-02  6.04943981e-03
  2.27805455e-02  1.43433288e-02 -1.57774710e-02 -1.63662368e-03
  2.41447076e-02 -2.77438345e-03 -1.86320718e-02  9.91562559e-02
  2.92844145e-02  1.15729728e-02 -1.41903098e-02 -7.09501298e-02
  3.35350963e-02  6.04930530e-02 -2.00590086e-02  1.21068473e-01
  2.82665407e-02 -3.34533376e-03 -4.15487083e-02 -5.91563120e-02
  7.38704350e-02  2.07566382e-02  4.37991670e-02]
predicted response:
[4.  4.  4.5 2.5 4.5 3.5 4.  3.5 3.  5.  3.  3.  5.  5.  3.  4.  5.  3.
 3.  5.  5.  4.  4.  2.5 5.  4.5 0.5 4.  2.5 4.  3.  3.  4.  3.  5.  4.5
 4.  4.  3.  3.5 4.  4.  3.  2.  3.  4.  4.  3.  4.  3.5 5.  5.  2.  3.
 4.  4.5 4.  4.  5.  3.5 4.5 5.  5.  4.  4.  4.  4.  4.  4.  2.  3.5 5.
 4.  5.  3.5 3.  3.  4.  3.5 5.  3.5 3.5 5.  3.5 3.  5.  4.  5.  5.  4.
 4.5 4.5 4.  4.  2.  5.  5.  5.  4.  5.  4.  4.  3.  4.5 4.5 3.  4.5 4.
 4.  4.  3.  2.  5.  4.  3.  3.5 3.5 5.  4.  4.  3.5 4.  4.  4.  5.  5.
 4.  5.  5.  4.  5.  5.  3.  3.  4.5 5.  3.5 4.5 4.  5.  3.  5.  4.  3.5
 5.  2.  4.  4.  4.  2.5 4.  4.  4.5 4.  5.  5.  5.  5.  4.5 1.5 4.  4.
 4.  5.  4.  4.  4.  3.  4.  4.5 4.5 3.5 4.  4.  4.  4.  4.  4.  3.  4.
 4.  2.5 3.  5.  4.  3.  3.  4.  4.  5.  3.  4.  4.5 3.5 4.  4.  5.  4.
 3.  5.  5.  4.  4.  4.  3.  2.5 4.  4.  3.  4.  2.5 4.  2.5 3.  5. ]
Real response:
[4.  4.  4.5 2.5 4.5 3.5 4.  3.5 3.  5.  3.  3.  5.  5.  3.  4.  5.  3.
 3.  5.  5.  4.  4.  2.5 5.  4.5 0.5 4.  2.5 4.  3.  3.  4.  3.  5.  4.5
 4.  4.  3.  3.5 4.  4.  3.  2.  3.  4.  4.  3.  4.  3.5 5.  5.  2.  3.
 4.  4.5 4.  4.  5.  3.5 4.5 5.  5.  4.  4.  4.  4.  4.  4.  2.  3.5 5.
 4.  5.  3.5 3.  3.  4.  3.5 5.  3.5 3.5 5.  3.5 3.  5.  4.  5.  5.  4.
 4.5 4.5 4.  4.  2.  5.  5.  5.  4.  5.  4.  4.  3.  4.5 4.5 3.  4.5 4.
 4.  4.  3.  2.  5.  4.  3.  3.5 3.5 5.  4.  4.  3.5 4.  4.  4.  5.  5.
 4.  5.  5.  4.  5.  5.  3.  3.  4.5 5.  3.5 4.5 4.  5.  3.  5.  4.  3.5
 5.  2.  4.  4.  4.  2.5 4.  4.  4.5 4.  5.  5.  5.  5.  4.5 1.5 4.  4.
 4.  5.  4.  4.  4.  3.  4.  4.5 4.5 3.5 4.  4.  4.  4.  4.  4.  3.  4.
 4.  2.5 3.  5.  4.  3.  3.  4.  4.  5.  3.  4.  4.5 3.5 4.  4.  5.  4.
 3.  5.  5.  4.  4.  4.  3.  2.5 4.  4.  3.  4.  2.5 4.  2.5 3.  5. ]
